1
2
45 171 133 684 1
1 71 52 0 1
3 100 152 1 1
2 8 367 2 1
1 4 536 3 1
2 203 32 5 1
2 234 372 7 1
2 181 660 9 0
3 370 25 10 1
3 305 241 11 1
1 391 304 12 1
1 395 458 13 1
1 326 663 14 1
3 432 81 15 1
1 469 372 17 1
1 458 539 18 1
2 578 176 21 1
3 636 389 22 1
1 613 599 24 1
0 0 0 144 144
0 0 144 144 288
0 0 288 144 432
0 0 432 144 576
0 0 576 144 720
0 144 0 288 144
0 144 144 288 288
0 144 288 288 432
0 144 432 288 576
0 144 576 288 720
0 288 0 432 144
0 288 144 432 288
0 288 288 432 432
0 288 432 432 576
0 288 576 432 720
0 432 0 576 144
0 432 144 576 288
0 432 288 576 432
0 432 432 576 576
0 432 576 576 720
0 576 0 720 144
0 576 144 720 288
0 576 288 720 432
0 576 432 720 576
0 576 576 720 720
